# Name | E | N | U
1 0.000000 0.000000 0.000000
2 26.520872 -6.685281 0.000000
3 -21.793807 -15.499853 0.000000
4 -18.204085 -51.563396 0.000000
5 42.451702 -44.470473 0.000000
6 21.621244 -74.962929 0.000000
7 8.576906 32.416888 0.000000
8 -50.852443 -25.225813 0.000000
9 -9.187874 -80.535562 0.000000
10 61.969054 7.599012 0.000000
11 -47.962981 -56.224339 0.000000
12 -53.216627 4.557113 0.000000
13 37.198254 38.596873 0.000000
14 70.810946 -68.680833 0.000000
15 -11.817386 50.346936 0.000000
16 -45.777634 33.225991 0.000000
17 -34.920102 -94.516243 0.000000
18 -77.547751 -35.964858 0.000000
19 -75.624093 20.562270 0.000000
20 9.976564 72.735145 0.000000
21 104.157863 -35.250669 0.000000
22 -42.014669 61.590822 0.000000
23 -10.499116 -125.007323 0.000000
24 -85.686423 -69.192573 0.000000
25 -97.767585 -5.675975 0.000000
26 96.194003 -84.381909 0.000000
27 -72.999091 48.116750 0.000000
28 55.490983 74.154049 0.000000
29 115.010653 -1.618537 0.000000
30 -20.045660 82.864819 0.000000
31 -105.381043 -41.638916 0.000000
32 -104.945763 21.270432 0.000000
33 37.115911 -149.621907 0.000000
34 -73.525007 76.076345 0.000000
35 84.291764 -132.297742 0.000000
36 -92.686682 -111.233676 0.000000
37 -128.226563 -16.719206 0.000000
38 -115.707085 -89.555844 0.000000
39 48.663395 111.432979 0.000000
40 -39.214796 109.810916 0.000000
41 -134.789687 -49.440531 0.000000
42 -103.021769 72.428633 0.000000
43 -135.843744 44.569150 0.000000
44 163.589079 -71.110125 0.000000
45 -21.962278 -187.713993 0.000000
46 163.587910 37.787927 0.000000
47 -165.426141 -2.538235 0.000000
48 -74.302971 -178.498017 0.000000
49 -51.556808 139.897581 0.000000
50 -126.654832 91.169068 0.000000
51 135.407294 -146.984935 0.000000
52 -168.485576 -87.228450 0.000000
53 -3.416490 166.642049 0.000000
54 199.999523 -10.734716 0.000000
55 174.355803 -125.103078 0.000000
56 44.549176 168.263198 0.000000
57 39.307017 -222.660437 0.000000
58 -187.747866 52.266309 0.000000
59 189.933670 86.817340 0.000000
60 115.272332 177.988126 0.000000
61 -143.709508 -198.762563 0.000000
62 -82.893046 205.034843 0.000000
63 263.981957 -71.615506 0.000000
64 -127.882802 198.449415 0.000000
65 223.896322 -170.079345 0.000000
66 88.060858 -278.272830 0.000000
67 270.808952 19.554006 0.000000
68 -262.837572 -109.622160 0.000000
69 -77.884529 -299.352714 0.000000
70 11.916385 -314.238795 0.000000
71 -240.951594 -178.204067 0.000000
72 -286.916970 59.454559 0.000000
73 309.146216 52.577260 0.000000
74 -189.416262 226.408012 0.000000
75 -285.430981 102.002776 0.000000
76 -329.536592 -48.640661 0.000000
77 104.081218 -349.689450 0.000000
78 164.027538 293.571639 0.000000
79 360.349428 24.111684 0.000000
80 362.274175 -76.173834 0.000000
81 322.187894 -197.935059 0.000000
82 202.457438 -330.539242 0.000000
83 232.737880 275.032117 0.000000
84 334.443828 163.600365 0.000000
85 -322.871296 -231.091490 0.000000
86 -10.243608 371.880345 0.000000
87 239.393395 -351.608243 0.000000
88 -333.225222 189.933789 0.000000
89 355.010264 -230.147639 0.000000
90 -341.860088 -279.111986 0.000000
91 -16.956835 -461.230287 0.000000
92 -158.695284 395.585933 0.000000
93 -412.525176 166.832412 0.000000
94 -255.111366 -415.157106 0.000000
95 -313.185412 326.494205 0.000000
96 490.938764 -36.973121 0.000000
97 -281.150795 406.424594 0.000000
98 75.211070 -550.369207 0.000000
99 -529.182234 -80.263474 0.000000
100 131.122781 517.143084 0.000000
101 428.982872 349.782808 0.000000
102 -567.969221 72.201623 0.000000
103 -520.759997 -283.181795 0.000000
104 458.029894 -435.375676 0.000000
105 -539.222554 -329.177525 0.000000
106 -313.814322 -642.289711 0.000000
107 -246.312899 649.150886 0.000000
108 741.974135 121.139339 0.000000
109 -749.234931 28.015043 0.000000
110 303.130356 -740.291003 0.000000
111 58.397494 804.639336 0.000000
112 804.187753 -267.225721 0.000000
113 -651.742640 -589.149770 0.000000
114 -803.006267 365.778451 0.000000
115 -769.209068 -513.590901 0.000000
116 16.179996 -1002.282637 0.000000
117 -534.334231 -860.029705 0.000000
118 1027.112326 -285.467238 0.000000
119 -811.166051 737.992387 0.000000
120 538.106141 978.726708 0.000000
121 1105.495468 277.604351 0.000000
122 -416.118661 1070.687579 0.000000
123 -859.739702 -819.058491 0.000000
124 1332.337125 -5.728259 0.000000
125 -770.035579 -1222.965329 0.000000
126 -815.022565 1181.326571 0.000000
127 1467.837553 615.753515 0.000000
128 1612.842320 423.384200 0.000000
129 -1666.941482 433.057034 0.000000
130 -538.625982 -1680.725964 0.000000
131 -1327.555863 1192.362326 0.000000
132 -7.199240 -1933.559537 0.000000
133 -1867.423560 -581.506367 0.000000
134 1819.380170 1024.866742 0.000000
135 -120.993930 -2160.404640 0.000000
136 -1947.132029 1047.934243 0.000000
137 -1332.901723 1790.124344 0.000000
138 -1308.324077 -2098.269579 0.000000
139 527.009745 -2606.980070 0.000000
140 -2646.123264 686.183199 0.000000
141 1980.038698 1923.495130 0.000000
142 277.101784 3167.625696 0.000000
143 1441.567332 -2946.627421 0.000000
144 1720.009992 2770.728782 0.000000
145 -3286.837603 588.228806 0.000000
146 -3375.322190 37.638867 0.000000
147 -3116.391342 -1492.519683 0.000000
148 3131.920899 -1491.419509 0.000000
149 2541.957602 -2409.626855 0.000000
150 3375.453111 882.559799 0.000000
151 -2555.404886 2644.775344 0.000000
152 2571.211231 2643.529374 0.000000
153 1229.676293 3875.484271 0.000000
154 -4052.299248 -963.808396 0.000000
155 4117.494563 -2424.114874 0.000000
156 303.637178 5051.767504 0.000000
157 -4558.278224 -2373.557778 0.000000
158 -4296.631051 -4143.495144 0.000000
159 5839.258519 -2148.836509 0.000000
160 -1167.794369 6181.959959 0.000000
161 -4382.619467 -6493.632419 0.000000
162 -3279.815583 7088.989067 0.000000
163 7809.162264 -1116.243813 0.000000
164 9469.268448 1441.502174 0.000000
165 -3263.935335 -9114.324595 0.000000
166 -6092.906134 7533.470985 0.000000
167 10941.261849 4645.086703 0.000000
168 -9607.361775 7205.843485 0.000000
169 -1590.265685 -12783.664755 0.000000
170 10850.516547 9122.891023 0.000000
171 -13720.139970 5736.504601 0.000000
172 1495.675546 -15459.279318 0.000000
173 7261.906914 -16826.175629 0.000000
174 11361.439039 14340.435300 0.000000
175 -18260.083102 2754.644699 0.000000
176 9104.044200 20703.877456 0.000000
177 13881.198748 -17946.107657 0.000000
178 -22694.209510 -2305.233731 0.000000
179 3321.885321 27711.987698 0.000000
180 22167.625342 -17283.443406 0.000000
181 -26527.146675 -9701.891544 0.000000
182 31911.714819 -13959.927955 0.000000
183 -2661.757678 34796.833247 0.000000
184 -28860.038575 -19766.617630 0.000000
185 42594.504563 -7006.223118 0.000000
186 -13811.121882 41021.165251 0.000000
187 -31813.424192 -33295.168097 0.000000
188 53014.849796 4794.453671 0.000000
189 -29088.986800 45089.157813 0.000000
190 -24120.144792 -48242.547406 0.000000
191 62623.914606 21704.528885 0.000000
192 -14547.706623 -64831.430787 0.000000
193 -48677.388293 45297.842623 0.000000
194 68511.195645 45071.557879 0.000000
195 2427.338039 -82192.929995 0.000000
196 -72255.796257 39515.358800 0.000000
